4285
4108
4139
4086
4016
4040
4114
4316
4280
4337
4310
4386
4587
4555
4724
4834
4472
4509
4100
4366
4619
4691
4282
4258
4130
4208
4163
3944
3189
3700
3714
3699
4035
3910
3900
3609
3595
3780
3660
3920
3882
4193
4174
4174
4378
4378
4380
4310
4208
4292
4369
4423
4640
4786
4783
4821
5430
5649
5869
5709
5760
5595
5512
5683
6010
6024
5950
5915
5477
5689
5861
5768
5719
6169
6120
6463
6753
7019
7115
7357
7345
6960
7064
7303
7079
6506
6245
5811
6465
6574
7240
7864
7699
7761
8038
8212
8119
8205
8019
8138
8700
9128
9650
9896
9687
9838
10782
10890
11165
11579
11699
13550
16599
15880
14656
14899
16587
16349
16033
16334
17539
19102
18860
18856
17295
16488
15492
13326
13300
13500
13699
15689
15459
14182
14378
12440
13716
13380
14675
14919
15059
16960
17069
16150
14902
14400
14907
13238
13740
14210
13474
13539
10900
10988
10961
11474
12799
11530
10760
10799
11349
11175
11089
11491
11879
11251
10237
10285
9224
8873
9199
8184
6939
7652
7599
7784
8683
8533
8063
8903
8539
9449
10000
10159
11039
10383
11153
11200
10437
9811
10131
9694
9590
10324
10569
10326
10920
11039
11464
11515
11454
10716
9910
9271
9227
8770
9533
9131
9150
8170
8240
8260
7824
8189
8600
8909
8885
8722
8898
8546
8470
8134
7795
7949
7090
6840
6923
6813
7056
7405
6796
6770
6601
6895
7018
6782
6843
6953
7923
7877
7999
8355
8064
7885
8173
8278
8856
8915
8787
8934
9619
8869
9266
8915
9348
9419
9246
9071
9247
9750
9713
9864
9659
9365
9187
9310
9002
8400
8465
8679
8663
8462
8330
8041
8239
8233
8526
8381
7977
7501
7575
7457
7333
7338
7099
7461
7375
7485
7521
7640
7714
7487
7625
7658
7691
7603
7491
6764
6872
6530
6292
6635
6388
6483
6449
6712
6741
6761
6718
6045
6149
6136
6252
6070
6133
5853
6197
6390
6356
6615
6513
6586
6529
6609
6756
6712
6662
6296
6378
6250
6214
6251
6353
6723
7317
7381
7466
7337
7398
7394
7721
8397
8175
7920
8188
8225
8211
8173
7730
7604
7525
7418
7009
7024
6934
6720
6285
6529
6144
6232
6308
6246
6188
6267
6311
6584
6387
6477
6254
6480
6360
6525
6681
6733
6700
6908
7076
7031
6984
7011
7200
7302
7263
7359
6700
6516
6395
6185
6250
6312
6294
6338
6487
6476
6514
6505
6248
6336
6391
6492
6759
6723
6708
6581
6447
6465
6689
6634
6596
6626
6611
6525
6510
6593
6635
6594
6615
6673
6656
6631
6252
6298
6332
6339
6752
6759
6740
6618
6528
6588
6590
6581
6553
6565
6528
6538
6505
6489
6344
6330
6371
6410
6433
6387
6485
6468
6519
6578
6479
6419
6433
6449
6453
6457
5922
5753
5655
5628
5662
4910
4558
4661
4370
4420
3932
4085
3862
3875
4264
4295
4041
4190
4161
3884
3951
3769
3508
3403
3410
3545
3432
3380
3445
3302
3224
3211
3228
3509
3652
3662
4049
3838
3948
3929
4008
3745
3777
3567
3839
3695
3801
3702
3797
3858
3766
3792
3770
3987
3975
3955
3966
3585
3601
3583
3476
3626
3553
3591
3616
3594
3665
3539
3526
3570
3552
3569
3565
3565
3550
3434
3411
3458
3434
3462
3504
3458
3463
3471
3405
3398
3659
3665
3680
3631
3631
3609
3590
3602
3618
3667
3898
3907
3969
3937
3962
4117
3743
3827
3809
3818
3813
3823
3819
3807
3715
3857
3861
3873
3864
3943
3916
3871
3882
3866
3877
3923
4005
3981
3987
4015
4043
3980
3986
4006
3992
3936
3948
4038
4027
4103
4106
4103
4144
4857
4932
4898
5004
5043
5170
5236
5150
5308
5017
5048
5045
5131
5024
5173
5202
5258
5258
5291
5256
5357
5493
5415
5219
5314
5295
5307
5238
5320
5383
5492
5772
5829
5775
5747
5846
5987
6209
6373
7076
6967
7790
7947
8169
7866
7355
7257
8148
7938
7904
7628
7851
7964
8025
8614
8756
8715
8645
8269
8555
8544
8725
8115
7687
7776
7786
7980
7893
7628
7982
7884
8127
8218
8650
8808
8953
9313
9081
9255
9517
10159
10729
10906
11056
11820
13093
11329
12400
11903
10854
10624
10842
11940
11145
10970
11256
11406
12238
12543
12108
11342
11757
11355
10174
10838
9439
9667
10627
10504
10740
10589
10340
9864
9763
9879
9824
9476
9541
9507
9574
10080
10374
10523
10816
10929
11828
11481
11975
11999
11879
11309
11549
11396
10892
10050
10293
10331
10216
10306
10915
10760
10142
10099
10389
10134
10142
10372
10185
9721
9498
9584
9587
9724
10340
10615
10567
10564
10298
10455
10381
10303
10098
10158
10415
10342
10335
10302
10251
10187
10156
10244
10168
9986
10028
9702
8493
8430
8063
8177
8198
8043
8289
8292
8359
8223
8137
8126
7854
8190
8168
8560
8558
8258
8300
8275
8348
8159
7991
8070
7947
7948
8223
8197
8020
7466
7412
8655
9230
9529
9205
9407
9154
9140
9231
9289
9194
9393
9308
9339
9216
8773
8809
9039
8733
8821
8777
8646
8471
8491
8502
8187
8133
8098
7627
7268
7311
6903
7109
7156
7508
7419
7739
7541
7390
7294
7292
7194
7389
7527
7488
7510
7338
7224
7210
7198
7258
7064
7118
6891
6623
7277
7150
7187
7132
7501
7317
7255
7204
7202
7254
7316
7388
7246
7195
7200
6965
7344
7354
7358
7758
8145
8055
7817
8197
8020
8184
8110
8810
8821
8720
8913
8915
8701
8642
8736
8682
8404
8439
8340
8615
8907
9374
9301
9513
9352
9384
9331
9292
9197
9612
9772
9813
9895
10151
9851
10223
10326
10229
10344
9904
9917
9706
10164
9593
9596
9677
9650
9936
9656
9315
8785
8823
8692
8523
8531
8915
8760
8750
9054
9131
8886
8033
7929
7894
7934
4800
5578
5172
5361
5028
5312
5393
6162
6208
6186
5816
6467
6744
6677
6737
6359
6236
5881
6394
6410
6642
6794
6734
6856
6772
7329
7197
7361
7283
6858
6876
6903
6837
6868
6621
7101
7027
7248
7120
6826
6841
7125
7482
7505
7538
7693
7774
7738
8778
8620
8826
8972
8894
8871
9021
9142
9986
9800
9539
8722
8561
8810
9309
9791
9316
9381
9680
9733
9775
9511
9068
9170
9179
8720
8900
8841
9204
9575
9427
9697
9448
10200
9518
9666
9789
9621
9666
9746
9782
9772
9885
9280
9465
9473
9342
9426
9525
9465
9386
9310
9358
9294
9685
9624
9296
9249
9162
9012
9116
9192
9138
9232
9086
9058
9135
9069
9344
9257
9436
9232
9288
9234
9302
9242
9255
9197
9133
9154
9170
9208
9160
9390
9518
9603
9537
9700
9931
11029
10906
11100
11099
11335
11801
11071
11219
11191
11744
11762
11594
11761
11681
11892
11392
11564
11780
11760
11852
11911
12281
11945
11754
11853
11531
11662
11648
11748
11318
11461
11330
11526
11465
11711
11649
11921
11388
10140
10446
10166
10256
10373
10126
10219
10336
10387
10440
10332
10671
10785
10954
10939
10933
11080
10920
10417
10529
10241
10736
10686
10728
10774
10696
10840
10776
10619
10570
10542
10666
10792
10599
10666
10925
11050
11293
11369
11528
11420
11417
11505
11319
11360
11503
11751
11909
12780
12968
12923
13111
13028
13052
13636
13266
13455
13560
13791
13761
13549
14023
14144
15590
15579
14818
15475
15328
15297
15684
16291
16320
16070
15957
16713
17659
17776
17802
18655
18703
18414
18368
19160
18719
17149
17139
17719
18184
19695
18764
19204
19421
18650
19147
19359
19166
18324
18541
18254
18036
18808
19174
19273
19426
21335
22797
23107
23821
23455
22719
23810
23232
23729
24712
26493
26281
27079
27385
28875
28923
29331
32178
33000
31988
33949
36769
39432
40582
40088
38150
35404
34051
37371
39144
36742
35994
35828
36631
35891
35468
30850
32945
32078
32259
32254
32467
30366
33364
34252
34262
33092
33526
35466
37618
36936
38290
39186
38795
46374
46420
44807
47969
47287
47153
48577
47911
49133
52119
51552
55906
55841
57408
54087
48891
49676
47073
46276
46106
45135
49587
48440
50349
48374
48751
48882
50971
52375
54884
55851
57773
57221
57574
